89,027219
1329,978486
96,731577
20020,283587
1458,744109
98,838174
302095,947625
22030,345472
1494,391145
100,000000
98,149421
4564313,816333
332962,736650
22604,613656
1514,285714
1482,790921
69005336,696508
5034816,517726
342015,026884
22930,612245
22412,675024
1043618882,951674
76155125,682912
5175635,650780
347234,985423
338877,941536
15786227443,040588
1152085815,038465
78327496,740734
5258129,779259
5124693,343671
238817050441,850433
17431332728,947971
1185480928,146257
79623108,085917
77511347,537933
3613270961789,338379
263767326830,285248
17943384267,611141
1205721351,015308
1172561084,495507
54679058626669,671875
3992094296852,088379
271625368659,563049
18258066172,517521
17742831071,127716
827584344317965,375000
60426455627775,523438
4112129561425,840820
276479287755,265320
268525217884,426208
12527296161134540,000000
914730732250989,000000
62256680880864,445313
4186686357436,875000
4064429537544,752930
189643658843882496,000000
13848004791131968,000000
942589742801776,250000
63398393412615,539063
61525545599136,210938
2871126056677482496,000000
209655781405494048,000000
14271650090096598,000000
960032814533892,375000
931412553403189,375000
43470085046689406976,000000
3174290083395869696,000000
216092586037752576,000000
14537639762941798,000000
14101315625400378,000000
658182255482858110976,000000
48062051798886031360,000000
3272019800962781696,000000
220141402124547232,000000
213501183940808192,000000
9965880924560846487552,000000
727731681260975554560,000000
49545018331643453440,000000
3333569803600286720,000000
3232638796247806464,000000
150901451990717331144704,000000
11019150589057046675456,000000
750219475431565819904,000000
50479771311661490176,000000
48946636466647244800,000000
2284947979372440143790080,000000
166851609489201449402368,000000
11360047837656740003840,000000
764407965576588296192,000000
741130678116221583360,000000
34598921579794863969271808,000000
2526482577028618500702208,000000
172018154871445140799488,000000
11575320621588336869376,000000
11222043678363678146560,000000
523904374786844018962595840,000000
38256514408439344130949120,000000
2604776232997775151726592,000000
175283426555480514756608,000000
169923591023746313355264,000000
7933129788630333065923657728,000000
579292617995056358812024832,000000
39442912985483784122007552,000000
2654291887840133432475648,000000
2573002901170708113522688,000000
120126812460745552511323078656,000000
8771891723852267047679426560,000000
597268179791534041858048000,000000
40193562873007733607497728,000000
38961125143545944511348736,000000
1819023177618250849596659990528,000000
132828532492507745172366295040,000000
9044225907370582257092788224,000000
608645380648402808473649152,000000
589965668071676937947316224,000000
27544740844316970413416052162560,000000
2011367667923136335714493399040,000000
136953977173933308873115959296,000000
9216630049818671099743830016,000000
8933558514216919400496234496,000000
417100434102922131082576291430400,000000
30457426005606406815182701461504,000000
2073857019188265001745270177792,000000
139566112182968431432087633920,000000
135277118970689918075467202560,000000
6316024000363035928806695267991552,000000
461207213700636579362172783558656,000000
31403905077778830450361536348160,000000
2113429698770664783644383510528,000000
2048451429310843193453885521920,000000
95641802238149695329068571221295104,000000
6983929356012607287841759430705152,000000
475542168272145600231609821298688,000000
32003364009955780446522139738112,000000
31019025361775710586884214226944,000000
1448279778590705116029670390834921472,000000
105755830432282158721765314870116352,000000
7201033868418566844048847153397760,000000
484622369293616123205619376193536,000000
469711948575117663235505603477504,000000
21930966236892931450353837027127984128,000000
1601435356870713549412591499766398976,000000
109043809135344941149709892996562944,000000
7338567306446186987954352257236992,000000
7112721679967470897590910014455808,000000
332095895724895354175592462086662258688,000000
24250181926375133686097687757721698304,000000
1651229629371740654819069106392662016,000000
111126876354756545158782188691390464,000000
107706190063028472843116776360247296,000000
5028860616727961832208099341366231826432,000000
367215437805941361634928964012357976064,000000
25004267229077050724794015927236558848,000000
1682778413372027757619963723593547776,000000
1630970066560615450373208414808440832,000000
76151063645159335931501344617652128055296,000000
5560670584827941150713004542538131963904,000000
378635185916023018450967076879279849472,000000
25482073116776422353545086187121672192,000000
24697428365136880080096914515848855552,000000
1153141480573958810582482395819486700634112,000000
84204183941119011552217742609698405744640,000000
5733607689731189287984824195880813854720,000000
385871392911185795876626693615685468160,000000
373988095476396977168393522123689164800,000000
17461815621930829959503876532266289950883840,000000
1275088620823715961044392915100937652011008,000000
86823063627823030983579986487996162506752,000000
5843195378369384757873191051494590251008,000000
5663228649897832503213765704660256030720,000000
264421256073485714260313008230779904671612928,000000
19308441892169822987804288484578601061056512,000000
1314747429922565580861031131605871125069824,000000
88482672872450691766142513280089564643328,000000
85757203227428823362775060442465861369856,000000
4004086398408363431400142364572201233940480000,000000
292384412243479768687258525351041285901778944,000000
19909008616845248350225152433466257895849984,000000
1339880474925681909413818947908232491827200,000000
1298605712137637614796745740101565921886208,000000
60633219896672677172042173249150855637601615872,000000
4427528084903400079693854915529371081427124224,000000
301478964861412888666754325922853954353364992,000000
20289618620303184570271444705709967800270848,000000
19664557430088207617543911505692754354110464,000000
918159041698252460031805801712078582897086300160,000000
67045330216143996291088221213078981572986667008,000000
4565248943642162224798881438889205174395469824,000000
307242796250305364227641809625813326862745600,000000
297777042384190905939881949123397262854062080,000000
13903536906105478271575683452209741485318139281408,000000
1015256683626938606363419891165676471729923293184,000000
69130863954950718400278375574178597946041303040,000000
4652533771790338768730817117084004060212756480,000000
4509188448313368527366115989387059959668146176,000000
210539096942520456078348327367831243281404304293888,000000
15373872459933490905421972387226680933931689181184,000000
1046838196325877024234152359229296828026269466624,000000
70452654258539416002966830695337604767994085376,000000
68281912906766968191317608279487475370929684480,000000
3188161276206857775782109193829708747315962139639808,000000
232804173186763535465873620268295984883742625759232,000000
15852113689280454031297380210946545543932419244032,000000
1066854478772168319755907325609639867576876007424,000000
1033982193503392541236703745356273059701700165632,000000
48277842790059727179509924745668256485948927346999296,000000
3525318049980705994787775431758235506953720340414464,000000
240046197224447737256297343162175552016357489901568,000000
16155224964264262293256030094705820552334355202048,000000
15657431494797043437238717662027083360396566855680,000000
731064130012391040728335749308164709982571541970288640,000000
53383359249333317132375757194143937460392040738062336,000000
3634984092235761029425157257876921794386799471099904,000000
244636263744573124369285478713082307063413418754048,000000
237098087459362914316229529432661779790933188935680,000000
11070395460504705704925907997803308091732080050479038464,000000
808376237208272858482786475848679991454244422453035008,000000
55044030413429193770932174634117875374359694821818368,000000
3704491993846393097372108451847168126807067141865472,000000
3590340482399470829628800637805533741528482305802240,000000
167637365191588724806855506744461210041116999255192502272,000000
12241121629324939758902452754297240905446131912918695936,000000
833523712628290781244532124510160937661902396728541184,000000
56096593049673949769003365588865961126349030404653056,000000
54367988759772118010992316573662572162776496938680320,000000
2538508040803227099449108046908610417236416505939775979520,000000
185365504144795988456607386520173440151997768568743657472,000000
12621928342131195099141883038206443950528545658358464512,000000
849462694752205518997008698186069135210167327703171072,000000
823286387476890287134977944838858738646183312334258176,000000
38440256903251560063174487499154757215024840441025594916864,000000
2806962713204659951277330128366487647395881734392367808512,000000
191132031251037690423251752994339992771177654335072894976,000000
12863292234819112047588312595120914486504074553285672960,000000
12466904481438113064409012562462872377968388738566324224,000000
582095223047033832794643968453309092913569548895535530770432,000000
42505427564522291132427240391909907272854079495163594407936,000000
2894284720911498734034488196464802754875337078144222887936,000000
194786996698689408672972503268252955618207249417629597696,000000
188784508403081536072144525096101532006641671114764320768,000000
8814583648364290762489631260683660565418985619802539570495488,000000
643653523978995435944048932794004580706389269206676631715840,000000
43827736170167045458552891423555612855345709407699436830720,000000
2949631664294439436600991333701605274211917950220733775872,000000
2858736298378808175527444586348962075848939432821131313152,000000
133477967029042582121015039311493058498637693028354265586860032,000000
9746752231197703281892012444461037901223795600004216061427712,000000
663677100703973652618077920855450830412642014376562815664128,000000
44665850916458653529216968819959196240361962080186771963904,000000
43289428772802077449902212632162510560511736632273287512064,000000
2021237618494499396753611164857380521044172504266537699125493760,000000
147593662925167064710165108716087805205648609777849638796132352,000000
10049966953738518599565365009987169477293338215324561705009152,000000
676368599592088172456394728474829339553030451793530472890368,000000
655525554753675755395146227659040596844853068549917673259008,000000
30607310413911992786213273956070669352620215954320808828657991680,000000
2234989580304669095091780307225541931934606106477224035392421888,000000
152185206653298515951954324477441748971744386458104221745020928,000000
10242153079537335335830515821114545826619386425319368916205568,000000
9926528804901260484898342551470712660772872755032825083723776,000000
463482102638859657823241721809040730233004130904058749507640229888,000000
33844125751065825986350634327920145152410322143702484540083666944,000000
2304518751578612935112319459213512984457308868396043514668908544,000000
155095460918708226508710010400716932464808872238530989119242240,000000
150315994153275223361798161796180188704816216536574469156634624,000000
7018442917998407020375042539822277897748989436523093341393614012416,000000
512496732513060336912726118187668704619099651979245335848436105216,000000
34896997020113026779063654962612272614816068817972459374228013056,000000
2348588408197581656982275086165649870926197322261383652629807104,000000
2276213446344806537632137183630347894693854557596497154251161600,000000
106279273803949826051204430472964990315606576358990974764926097162240,000000
7760664421977562151041685109411160439533610714212298911229889478656,000000
528440224596807985408729478466405147905206817617811456665023676416,000000
35564338752706233701407007880909927224061667784269414546238603264,000000
34468372696660181970458068923510609690063821890366054182428868608,000000
1609371799762946645251275058965298610457036338324575997744807875182592,000000
117518627653467519103071158546300263747168371277656468350867131596800,000000
8002094619800473838211439425845067256942278806790705216063581192192,000000
538545701112408686775026018759731760376996110046192916234810425344,000000
521949612822784545891808239512220343582340267490401934985570287616,000000
24370486455109628150736836001796388472582651217678423812591379271385088,000000
1779567724120308926042309267035814728356940842868534577176060129968128,000000
121174572906010836979034636841234249586776740678661898338933229486080,000000
8155120616845045587786124540475914975616665767962630068179373654016,000000
7903808016589588730741573916695382683477767943050384182848272728064,000000
369038784250294281727150642461769506198237350790711873090881781109882880,000000
26947738935056984174583751245937069091840392766370471252223776694206464,000000
1834929209931487045063619710656422668830763126755819039386979119661056,000000
123491826483653540630691935604488594816717424708125257020202291298304,000000
119686230269203030096205435444562701497796527130544758003218197250048,000000
5588301448050586924662321119510390439913609275257532232737189172646772736,000000
408065749231835122105360646725032057442586306337230864318836640757841920,000000
27786070402155474962690165129812967540504881358557351402751695748333568,000000
1870019086752467634160629249110534989476658239945994244114733959479296,000000
1812391415151865237857212096200451856956566868354009465065155252453376,000000
84622848616468790175206951705863084378154101982192985741614410108204220416,000000
6179281187974874248326406064083800978632558750712690782097852298579410944,000000
420760487984247876303292270243215737377477380734556034518275580563030016,000000
28317431885108791771764962178951669659064685471980668078318165927395328,000000
27444783321062181897982203545356610000746420255713012145821753010028544,000000
1281431682505722054221872068551531389265808329410025907715479679278646296576,000000
93571970177997733543099830084271960426225846385570921541438371156149141504,000000
6371515872109696635458855188477834452805475471522533226538860194094383104,000000
428806825688790277152435759699426835818233268176060612178805509396103168,000000
415592420364897682122325242740807245057951256546702938693395106951593984,000000
19404536571039461430342822412352130839795289857346095974387608497679480389632,000000
1416946949029086665277765345737115762920267491077410676752101120607101386752,000000
96482953454009655768407790402705008142658108735436894388000450505791766528,000000
6493360503287395303189250624792977870463700351629615229167056591674933248,000000
6293256481281951659553336262752876836304590077871803855723548481106739200,000000
293840120774299390615010675969250566432634646240282069709853478070704003874816,000000
21456624861197232994914090479604568840420798537024388175278700640673682423808,000000
1461027565336460924487880613056195860390332505904448716314046006713775030272,000000
98328030478351985347176323526863583056044309980998486030705916481359577088,000000
95297881634215063553555067292420312399046005540760796164475930660191600640,000000
4449578913563350459745597464737341364412151250812749361758752423540543235031040,000000
324914600240190605348104328245604549829945136486171755505242080979861637169152,000000
22124131498558229818122268104063511361683473923803084778137449174970744700928,000000
1488967318672187174403575402846718900836039660358549791367147306616981815296,000000
1443082178209803187906786752068124800695655962999768562521597690272100122624,000000
67379337061154987220340981090518546053895931035695900122376396082184207737028608,000000
4920135310701821071419240836381290887938552395960088901392709834227849346678784,000000
335022559947656657632033064845548885922780033804679309620174034525298108661760,000000
22547219397035976294146687952255871617253119233336552542300805624318390173696,000000
21852386876528742653121000345396284478746731451630916499347244664183815405568,000000
1020315665108732204155640737993420711118404205114736521958018129519871767949082624,000000
74504905278407172407451838339925725867668470008432878876252796995418223850553344,000000
5073198728518328904343879066466792768811259480660413698067636468362655811239936,000000
341429322297973360820865997879269857776560122131653861430965320994968200806400,000000
330907567465217484544207244863203647583213228572836881028775920636136404287488,000000
15450494219213415747622479464413732730156343766651513400433105510167608041349840896,000000
1128217125774508182497166444599696685577706897368683804285211643478074727235321856,000000
76822723124681808185275927123795033179114356855443715849667915640330437896699904,000000
5170215451940740257227096676324713885333766296716180518345124362685524012433408,000000
5010885953074070487464365660684988553150786802118917344029367554991825421860864,000000
233964624947652859172111195011291356603642684542157286263902177462089556784895229952,000000
17084430614372817895988379160750148365619530783270249931451767891995476300516032512,000000
1163315515366916728632957307138085454042851627155183246006078538634891952392241152,000000
78291833986531216896673360663972425521346269532825827058485002440805901303545856,000000
75879129236470605333643413023000217823197904221497885193875592031634187872108544,000000
3542892868157520680017225544732774392182519779393636104719381145939900735506383634432,000000
258707090207048592743017429564385505629955032136442234552165725557608299713351647232,000000
17615920578384876091361618486046106454947796514185521369519751066610330747124318208,000000
1185562057510329882191983807193736260945607573843256318037975315669481461888581632,000000
1149026802077150245740108317699482147752378211411080767000720515509060857155813376,000000