26.223129
26.223129
25.557954
25.557954
25.557954
25.246597
25.591553
25.211859
25.571144
26.089577
26.611564
26.834749
27.000766
26.8978
26.711526
26.795371
26.853448
26.928814
27.078972
27.422974
27.906092
27.698014
28.250462
28.096033
29.015329
29.027736
28.726498
29.15128
29.201986
29.597138
29.481227
29.982613
30.170306
29.759522
29.330761
29.799154
29.786195
29.962691
29.888778
30.047078
29.776061
29.50082
29.447061
29.105763
28.575468
28.575468
28.575468
29.067352
28.730338
27.706188
28.856137
29.484736
29.867012
29.700966
30.200342
29.599369
29.981633
29.266108
29.061429
29.281658
29.078848
29.312873
29.596009
29.689327
29.849437
29.847209
29.581891
29.642008
29.425906
29.320585
29.123196
29.124912
29.120366
28.791232
28.858725
28.746037
28.813074
28.860537
28.915592
28.811785
28.544548
28.541761
28.558157
28.500621
28.606859
28.606859
28.606859
28.736594
28.987171
28.738227
28.738227
28.753385
28.660606
28.894049
28.828905
28.883128
28.756925
28.604464
28.48764
28.283143
28.27357
28.176221
28.069328
27.990393
28.031674
28.071913
28.03241
28.042982
28.044047
28.02729
27.887311
28.356223
28.326514
28.381421
28.360037
28.277344
28.13471
27.967026
27.948822
27.828447
27.828447
28.03246
28.16344
28.092501
28.339168
28.339168
28.339168
27.524899
27.56354
27.564503
27.638642
27.639864
27.69328
27.497552
27.494796
27.494362
27.459078
27.554373
27.482128
27.667152
27.605427
27.473983
27.382589
27.325011
27.334953
27.328545
27.221902
27.256349
27.274551
27.501208
27.567512
27.668327
27.784581
27.793929
27.627387
27.67318
27.517534
27.493672
27.754874
27.715661
27.944315
28.078728
28.304466
28.289974
28.495987
28.61224
28.594187
28.594187
28.69394
28.596684
28.724421
28.470862
28.648423
29.033648
29.66612
29.81029
29.883635
29.960199
30.030103
30.090063
30.057262
29.895636
29.721305
29.536967
29.493035
29.076554
28.768908
28.860901
28.961701
29.132077
29.145888
29.170291
28.98067
29.068982
29.075719
28.948166
29.124412
28.867274
29.034622
28.956767
28.786746
28.823121
28.641113
28.439755
28.439755
28.467874
28.34604
28.21139
28.208607
28.222524
27.936526
27.925047
27.827225
27.947645
27.899676
27.846678
27.929198
28.207211
28.357351
28.318115
28.371669
28.286257
28.21673
28.17446
27.869466
27.947387
27.752105
28.001662
28.195147
27.92147
27.524079
27.410778
27.242094
27.127994
26.99027
27.247312
27.168301
27.073898
27.181545
27.245725
27.561441
27.961627
28.012932
27.919572
27.736354
27.326011
27.730928
27.701458
28.001614
27.400418
27.487803
27.509947
27.434007
27.542042
27.453112
27.438264
27.541483
27.836625
27.971574
28.422604
28.422604
28.422604
28.422604
27.858822
27.603684
27.603684
28.612462
28.728326
28.476993
29.102015
29.498168
29.368201
29.51967
29.317325
29.275295
29.161971
29.286773
29.268848
29.229702
29.117993
29.044034
28.827535
29.12404
29.131474
29.167527
29.084453
29.20384
28.856547
28.70218
28.895283
28.918143
28.873795
28.92692
28.491748
28.748346
28.782837
28.690057
28.49472
28.356578
28.448016
28.619442
28.641723
28.785388
28.629367
28.48381
28.651487
28.620982
28.620982
28.512332
28.391298
28.434846
28.677678
28.601957
28.552752
28.937676
28.892477
28.909832
29.004515
29.09234
29.184423
29.308086
29.567497
29.45033
29.062707
28.964193
28.888948
28.810968
28.884397
28.998254
28.905208
28.673357
28.489982
28.550442
28.501649
28.556654
28.556654
28.501218
28.675785
28.729145
28.750111
28.598728
28.935627
29.004728
28.963263
28.890636
28.890636
28.890636
29.031096
28.960928
28.94101
28.94101
28.94101
29.056889
28.789266
28.701818
28.793462
29.04502
29.232698
29.368275
29.373262
29.478642
29.616217
29.500505
29.399666
29.466658
29.496274
29.522658
29.443959
29.522827
29.473382
29.473382
29.479328
29.548404
29.394613
29.362952
29.197031
29.253935
29.158829
29.144572
29.039545
29.058656
29.143299
29.044512
29.008509
29.068099
29.084561
29.127151
29.127151
29.413159
29.786782
29.697866
29.553131
29.537514
29.590574
29.669661
29.69741
29.610954
29.621079
29.66513
29.648392
29.699155
29.760874
29.962296
29.921364
29.77869
30.140825
30.078194
30.221647
30.140331
30.287969
30.396394
30.319911
30.542375
30.642055
30.700502
30.670345
30.418455
30.400443
30.177414
30.142286
30.231004
30.236516
30.06262
29.945655
29.834847
29.925731
29.92371
29.959201
29.959201
29.959201
30.14123
30.427546
30.650806
30.480581
30.383104
30.692074
30.841389
30.859619
30.999378
31.12841
31.443995
31.202641
31.048423
31.240804
31.093556
31.372233
31.280675
31.278569
31.445894
31.235364
31.411454
31.229967
31.098185
31.08175
31.236545
31.378572
31.303169
31.385438
31.599538
31.468189
31.304437
31.187621
31.36372
31.388908
31.578052
31.578052
31.341328
31.142921
31.04728
31.360041
31.363674
31.201109
31.366534
31.548499
31.529325
31.189344
31.154288
31.262018
31.211202
31.36159
31.430358
31.119553
30.929838
30.871409
30.887623
30.902597
30.874358
31.119989
31.35495
31.165379
31.255673
31.192648
31.043573
31.308221
31.825434
31.965337
32.073516
31.945227
31.949375
32.176965
32.154059
32.290975
32.181672
32.034884
31.962881
31.831793
32.009295
31.976583
32.001126
32.467152
32.625955
32.876952
32.967613
33.001202
33.034353
33.034353
33.130227
33.122695
33.2447
33.495424
33.495424
33.495424
33.495424
33.532796
33.798126
33.798126
33.97091
33.652111
33.971913
34.183211
34.634916
35.072521
35.0421
34.981281
35.209253
35.349322
35.341137
35.356522
35.654501
35.664229
35.503086
34.966361
34.789719
34.684639
34.722563
34.836614
34.511605
33.856502
33.460206
33.232353
33.208954
32.914342
32.928469
32.9133
33.431024
33.641444
33.521795
33.408014
33.227674
33.233394
33.19335
33.272144
33.148962
32.740257
32.459444
32.671005
32.591496
32.701691
32.701691
32.701691
32.400861
31.892458
32.078685
32.176689
32.423082
32.417945
32.540127
32.287252
32.288805
32.333994
32.427359
32.646378
32.55664
32.737228
32.704238
32.412911
32.232919
32.406432
32.240529
31.957574
31.957574
31.841393
32.108349
32.106649
32.022979
32.17805
32.272438
32.230606
32.39186
32.472987
32.22306
31.972453
31.970293
32.010659
31.916721
31.916721
31.916721
31.618147
31.404389
31.408811
31.485079
31.290585000000004
31.290585000000004
31.121998
31.111048
31.264704000000005
31.374086000000005
31.146302
30.883708
30.915895